                  uncompressed                               compressed
   +---------+---------+---------+---------+  +---------+---------+---------+---------+
42 | 0 0 0 0 | 0 0 0 0 | 0 0 1 0 | 1 0 1 0 |  | 0 0 0 0 | 0 0 0 0 | 0 0 1 0 | 1 0 1 0 | 16b
   +---------+---------+---------+---------+  +---------+---------+---------+---------+

   +---------+---------+---------+---------+                                      +---+
43 | 0 0 0 0 | 0 0 0 0 | 0 0 1 0 | 1 0 1 1 |                                      | 1 |  1b
   +---------+---------+---------+---------+                                      +---+

   +---------+---------+---------+---------+                                    +-----+
44 | 0 0 0 0 | 0 0 0 0 | 0 0 1 0 | 1 1 0 0 |                                    | 1 0 |  2b
   +---------+---------+---------+---------+                                    +-----+

   +---------+---------+---------+---------+                                      +---+
45 | 0 0 0 0 | 0 0 0 0 | 0 0 1 0 | 1 1 0 1 |                                      | 1 |  1b
   +---------+---------+---------+---------+                                      +---+

   +---------+---------+---------+---------+                                    +-----+
46 | 0 0 0 0 | 0 0 0 0 | 0 0 1 0 | 1 1 1 0 |                                    | 1 0 |  2b
   +---------+---------+---------+---------+                                    +-----+

   +---------+---------+---------+---------+                                      +---+
47 | 0 0 0 0 | 0 0 0 0 | 0 0 1 0 | 1 1 1 1 |                                      | 1 |  1b
   +---------+---------+---------+---------+                                      +---+
