                  uncompressed                               compressed
   +---------+---------+---------+---------+  +---------+---------+---------+---------+
42 | 0 0 0 0 | 0 0 0 0 | 0 0 1 0 | 1 0 1 0 |  | 0 0 0 0 | 0 0 0 0 | 0 0 1 0 | 1 0 1 0 | 16b
   +---------+---------+---------+---------+  +---------+---------+---------+---------+

   +---------+---------+---------+---------+  +---------+---------+---------+---------+
43 | 0 0 0 0 | 0 0 0 0 | 0 0 1 0 | 1 0 1 1 |  | 0 0 0 0 | 0 0 0 0 | 0 0 1 0 | 1 0 1 1 | 16b
   +---------+---------+---------+---------+  +---------+---------+---------+---------+

   +---------+---------+---------+---------+  +---------+---------+---------+---------+
44 | 0 0 0 0 | 0 0 0 0 | 0 0 1 0 | 1 1 0 0 |  | 0 0 0 0 | 0 0 0 0 | 0 0 1 0 | 1 1 0 0 | 16b
   +---------+---------+---------+---------+  +---------+---------+---------+---------+

   +---------+---------+---------+---------+  +---------+---------+---------+---------+
45 | 0 0 0 0 | 0 0 0 0 | 0 0 1 0 | 1 1 0 1 |  | 0 0 0 0 | 0 0 0 0 | 0 0 1 0 | 1 1 0 1 | 16b
   +---------+---------+---------+---------+  +---------+---------+---------+---------+

   +---------+---------+---------+---------+                                  +-------+
46 | 0 0 0 0 | 0 0 0 0 | 0 0 1 0 | 1 1 1 0 |                                  | 1 1 0 |  3b
   +---------+---------+---------+---------+                                  +-------+

   +---------+---------+---------+---------+                                  +-------+
47 | 0 0 0 0 | 0 0 0 0 | 0 0 1 0 | 1 1 1 1 |                                  | 1 1 1 |  3b
   +---------+---------+---------+---------+                                  +-------+
